7481802376930667158
3832859405708867596
4243201399775265170
2951515682880175752
3545776088653602234
4852471914171161774
798532028690516320
8142958203954558257
4093709511330633971
5094029034566148196
8160521002858544816
3400616470962683078
2824142027498423364
5593501946198359482
6357592290187818884
6814054090234898249
4355293070124696627
1852808116641171102
8370433234682917769
4484980419375815775
2803087598457415556
2779439980331746166
4495837349943225078
1482373408634308900
2350737048694042183
2025296073193457295
7311205720475888480
269865850967735898
2471138125185048272
4646688179254400975
5005906024998254055
2418153207042426610
58652017372243100
8763683620482886231
6357808268604653678
2246667687096089192
4060025536898543290
3898676190607568485
5419599624207496195
32000197740142971
6639349692110662758
2767877357954054906
9035337471520701096
8216494373181850084
3056609521126590838
1146632918836917280
8885603188011786338
6357572577296182240
7619095502531990845
4138825287407963520
5546296676722733960
913350077700501357
1926753662303915526
8312573183402507312
6491873819819640183
5438205320706120443
696285364536318415
8202685361692624313
6049947910324910514
8866565279435797973
3533248842137106459
7536420861231724246
7065183590722609874
1298294862124089197
3797932374295257989
7223596439027945138
9140858254741296841
3875813567287699650
3914284465448094162
2152906160569718633
219436976994165089
6802141661255023915
4944791498883445187
4422787966312561525
193068561042031008
1078307908936168986
6016994634900240275
783559488153511260
6778183573249546633
8765921595941973009
6472868261699385797
7497288957833405620
8249670701015719039
6409825016417955831
8567375186009465852
2278450212910757679
675751313408527658
106164703681144301
1272852780684976480
917837321918489780
7702410226431582776
8194836815318292029
2638210116291267238
5845035609863503816
3450783210372392047
3069007075639503931
3189309258731133237
7319556972201606968
6871108244669095173
8982742902542923447
1434839454210663259
5599782774458396500
8466297686911084521
8054031475281287007
1776219619545076456
2645377034640162884
7847775051423609873
7298969406853989821
6331649331746086204
7175221067323480365
7504935993911196039
7154870084615409072
9161356485377844370
5856615387691891061
910055484407657643
5196667412864825706
2373961526548180613
329692121568051210
5244855406557915216
8916350330591884424
4205263938881974511
5704736961225373075
2390544436862992330
7561173446636590174
3913603138045375165
8908798533545142969
3776051184569220964
5866465235868747345
1966932543375942694
8622085601635121045
4247032678849086147
2412622420718398336
3336676579102167018
2443405778782478976
5480702209105241066
3625674339804943982
1513217116345740755
3279976857074734540
1230983151172083273
5747319473827586452
3307753017753652634
2449093771384031866
3637392865551238877
548773514999550022
1444692981080257837
6151230065036991074
7716441540634102632
3198476910793259966
7597084871757607632
740363145451879211
2710092213707647549
7978495242560553542
1749894874884215073
4982363654593338038
1371430410658562805
2102842477218931573
3837429081580139070
4047425442783860741
7471035074948843642
1617771217386492901
20506843346033531
6571860745926320071
7543400045145946026
8244565202695607390
8750350785596504364
8157124075498035663
8764290833525919964
2924689989147685917
4305595963099677905
6946987263037671623
468803456846641080
1944404176881714464
4243517479155760780
7610850834061524431
6550707767484247029
6135135035371785351
2343916360267670708
8222148162137921292
2884202474300260644
8780058546237638505
8844785353204860806
1508215480376772630
1106164187876129050
4305375455114794419
2458583831855115423
3197108533041215544
8084317657763353698
2041760681965059688
6770122132036726890
5656625386185680985
89108817759194602
2555560304592284396
1233142119833699158
273368290579377792
4128401803550677969
3206375847919401798
5889547786637017543
2358866889401776560
827085056856523806
4057872461091752123
4772204904015280588
4011253546971770129
5658250264214785228
3794077224783896978
4006607668969232302
3664940224795071216
5603864158127873947
1491476313482562586
7552177498561852794
1160774959526663038
7551935705058522659
4448534543273632813
3590620849792723657
5276143980341236080
2221567128529646446
496631273630739914
1288171386830946125
2311402113079448305
3616814791329037381
1129110976454100289
3094526973589566819
798710470089312131
2661344351490267286
7980135207715357373
8167565470981801659
5944458281141361542
5329438109321563195
69660966155951789
7719575468168018667
11593798977107913
1755646198424998163
2227084114581446526
8253228768103555013
1107524649339170791
4519827917436140638
3709769166925653542
437351707003474407
5693860607379911611
3237096042029535864
782680010066738837
4086912945255478831
6723542141613029417
7279991599364914324
3508865398074105617
7870994605761997612
6274897053274240215
3691904217937396378
2859087539957593332
7806296940501324699
4771553343930514311
7953505553134461211
6120327521662514325
7247541087958816442
291489781259648215
784418271158192150
3344108661434528044
547604698207087965
5161842497783028483
3714598787195711273
7481186064580928044
6214964049179431569
1959576167460095831
8868117077800977858
2373645414852505282
4676461407056442060
5718850233631130291
5076357135740196281
2136752930945451136
8311588806732339600
7340817440044218789
2444435473052243012
5767683866484491470
7609518429162111080
6617263517643530823
3188437352086400147
4894462665513843051
8072060638236440426
1345386092807079787
1895338916530040753
2241461480193406993
7392831408077293379
5320787899816959795
1442266459418852196
6322716800244507419
1539697921602972775
5423317057671692129
2279072680165048897
864516535764873889
7562483991678702042
6660157947160791298
8534252821220400792
8449554354753561312
2701515630154206631
5468438264192928117
6603169383883441271
3000021655681105252
6084910836167542210
8788348024626527611
8936633506276742666
8668187085060065102
773705998528620990
4459046284063202247
776597535457032756
1881295606205017206
6313901852385550064
5520356958841335397
1409920895390066846
1244082008996110954
1897495539019698422
1084419440118484183
7720996986215035378
677925215808884902
8260573840595916044
8834292145994923893
1650377168249164425
3340154522170544906
5258643227409441666
5760364107487023191
3172565841403399187
1402480254683295206
3115902510467699211
8381633598716548660
7046194382640521859
1470036782753939459
3934798894103952056
7904822143498027282
2240177706703989910
6432562626920557913
5697293704738211624
6178368752165818303
6001163363618149415
8188985986082299157
7616987639773541616
9014648218675087295
8490022654368479345
5462858135372688842
3973516711525210362
119085733553632941
9069642203898381310
7505554028384430295
1858085029153833496
8475564769041891023
2655120577937979402
4148353653934993168
8861013058682511875
5671340249523223339
7447509968203518004
14250362448852228
6617460778347343156
9153812075635539611
5144804029322652871
3734216173256578454
8753084248675207824
346538345689508453
2964150908818415979
1831912602820492349
3718835202702949437
4644424188439262784
7115409328694931730
1612896010974195152
8615079004890755647
8873519755354596612
7561482428070726886
5137123380233698756
4781097830787547813
992407220555669436
8747748566635518855
5843002414256466125
2404056557783696175
4128357364878872975
2902783904991642720
5145607347866966120
4348521018545049647
2128668534267912283
2913733982530620686
3570637013275751958
7458497790119363466
3300778911904951825
94510604376931012
8669103879299997162
1213479649397243990
899705791057134777
5430216325169138067
4464868411719965386
2252722102184853139
4768682602522669510
1044307183528041085
555051583827668030
1518473324464280421
3995287407055425163
3562037836544356585
7449759321672365211
195833592940987330
6921287274859306150
5628577724314260477
4946531147271741846
4823496674278115175
8180473089225812476
6063724667037598941
8482759567439882194
8275109050933146302
1121559557935596824
5916572302842939082
7059898033604344284
4908542033292772322
4642840084449299824
3940329278413705145
563071972262477586
24193734555353225
8839070527495352729
2957839073846024486
155194065495657122
5828046121492812212
6199379499408571514
7568946488117793965
4044952383322655449
9212949870609711973
9009216764399528032
8400976929074795776
7173347941210368220
9145482901155455520
4091907255996170533
7244562825701046680
99352961541725838
2870030454969987212
2897137078999366873
8343318726492000207
7717930059443677153
2287804991740427191
8575777673716459644
512188144289100949
5113815927906416790
2262651841549359622
285427305437451513
3161861827767880314
7995425853311108285
1929037421909289240
7255880379947095041
8854433716031582074
8380493288323424116
5436724048580015923
5389588062717979992
3424528029906491985
1447085263488595513
188777403042151280
687851523913036226
7741161272675715709
4271977692507354567
1935616351908157662
8988897818045157220
7333227765939151247
6597522270069803863
1219602118729093981
3747005204908441365
6561272687886913461
7093334220186521383
7023884799055505406
1413745861692125594
2003798018682515733
7181650444823842479
8422291446202423516
88019879658808735
5563378219431081875
4958165189587274725
6076859089716705750
2224258829433028774
2187644911115511070
1136206947518474028
234575165134719427
5603338949900388845
8314716262512680867
8232394722674373030
7820854534803836365
7581001898667764635
9064300802042642970
4818569470666018834
5705599425040718567
832099979994245500
2723691246364151244
9120821335550581103
3481913492698177141
2250004769853509041
2114039631070415584
7473059453260345447
6652358248353059448
1404182052121401543
3061898417806666068
1052298410642256577
7983198334404885061
5753075368653527669
2754527472130337269
6407161914714633161
9075859312499155737
4746345049988481999
3930236701439442173
2938970909283749243
1068665891958402004
3357215658515130047
8654484786431845262
116550782701782687
5145387182044458155
5188215427338437110
3903755997780794098
7921814622186758829
3048322178685065088
7308347324306632917
160611022779253139
3069160973754520054
7254191578788785033
7484751119101316150
6181765461695722955
6938055712079987474
4048608638008913443
2718527111733543466
2871608546899585014
4562784351987996229
4457740853867573546
3219729721353169547
7214576167621569411
1872677498121940708
6204083340755545555
5191848792533605145
3611627232828344201
3995570855676459732
784637571484845518
6468436915996173257
3140793988686698745
8171551609446756822
1399219479243257995
1864069740704505134
2597405516555399040
8239790959438508852
1340893803775372861
7455554895846430537
2082098958939310495
1554990654992462770
3637853959901402495
444328933676067423
3909969563731062947
6510737822948186925
836356666489075748
6430237103832553041
4226920105577478227
6474901590430389627
8511864683105086996
7136298191078137802
1867490979657596672
7410072660946986193
3861881568066729117
5725299752520334581
21759009967398643
1885579083513907659
7188561623897447038
535022313517657149
3547416146833428417
4679603342465910901
473281874313955412
492675059416170271
6887907028937389548
4670694398449027456
40994550630158918
4130240243258854318
7830241314269274714
4733828935967100299
4023693807188041599
852290291383486695
9218469765220247033
7916383777765577693
2868486642146863050
294507976553983359
4812289380398617586
8911042105078888993
2626017473906489184
4617489529633967752
2029092388705500064
3549513901408910916
649180029752525392
2500067843012791861
2836713906152108976
3928122932436076536
1889689531078051008
761243379258911295
5250840390174530779
291878902195863376
4494748025478661643
8807899219795889829
2324774910747502043
4817655552916453970
7429730469986643974
8503464013515130934
4321992654033457523
5215154099203033127
2365421808648603814
5351264678028545648
650394118422278158
1670979137708914319
3303226265603065183
2038682305184498127
8694825798916255741
7267442030371701689
7806398678119977544
6419839850860276145
5011644514207467028
6782642450869760023
6078721112751492331
8337183952597056229
5482839324749542316
1300637206872096963
4851302248029149806
5378186411794782625
7910000613548274421
374626183086479428
3866000091369976467
9038668879825336762
8867462606389604388
7435300046912590317
3633878202167577789
5377165705133565277
5027362644466560893
804104741364584320
3684718544774960370
6576392284073489985
5933911486984111432
2883982006020797887
522899607757995153
3753943356888036977
4008158582896644644
7772505926796625482
7336389646662785340
3722731391076228615
7084950711755502216
4255415200103306845
1836863513459904738
5067816039297680610
6574529500340598104
3944390765268281164
5777991978095549280
3523809141368080931
7297896178954684288
16632624359649351
7642273349940010347
3581663658644276834
1227572599416356621
295141566493161819
1363953385916991779
1693217681334532239
2315370287484870833
8202873794184426811
7258138232105559731
4930022805830024374
7679044570060961014
2421110032893375921
1650925880237999638
3805573202753209063
5621041888104845703
6128099720686000916
3848927970727303871
7881585177334360190
1847474862837423812
6858931732576691858
6212098307414909585
7584442908349411979
6739025506328373444
2512372969803160275
7187580981590750954
3512427329411564039
7516025677437700377
7161251487058260759
8263977818125446966
3027846294618448116
4406912883288917805
3402066138899094192
1561195068879029777
2740274579613665787
8686068934999900782
9005723890688065236
4472298230129386186
149107080538712414
3208171729541690396
2507431846787730184
6750405431132396770
4024158284548432763
8539540494118320273
6507732711955125437
7650158679763703200
1745749396870463362
4377141315008918194
2039741417676751308
4659219222663263720
2991550530592039293
8471829649637240681
2295392629986027771
2771795229322128235
7099045647583753389
7126469830020223930
2029045842447459633
4556567738656095111
1706701022888182569
8721483002139110527
2593394081118010352
6726226322245407012
5349860070613888466
450175142620701069
1040450553289137308
2899468436404945988
1099463870794604984
6884509423849967511
1712322383766099637
2449811668233669565
9030345899196325806
2082376230633751020
790023594520135617
2308194358222017425
8650867814077784078
2551632697123895144
1240285484180170855
2292015526960435318
8108722898565348676
8620837966004536039
2283779110626841801
6952672234550129506
7204809197300884437
9222564916669277047
6409135041103937728
1948627994852764194
761890443919001073
9198011631724294949
2792510154175124046
4966034072876704246
8769997265907914982
1588581572681012730
2147496321515005104
5110600166449562270
8330555269161256728
91150118159769286
905823029152938414
188113056571469264
7642871257508992790
6882440605827902953
1546616748607367702
9095972689332892685
481800079825513958
5497964431208088254
3783614612817109201
6045388618604018149
5905356594955966547
2580372693936850961
3784243573370468754
1476913541111493107
713501328864041820
180263615156089374
8754780151469349908
6071405123196508470
9089694394705554020
2400740316074049698
3905314461012750837
6877132256914410450
3004724980953484224
103886282301377827
3649443505343410245
1550960638093949431
3598882089820579430
1749685346986926366
7477318723870516175
8333871125832514410
543255765566550123
9099252314229508988
734468119489065531
5483207255172184940
4737160011157987024
427936780102967631
6239354477904396536
2479707868440548833
996849473325651879
8467303313018826388
4546094409457416228
6728529573169410393
1652487587903735086
8720869337903762318
8313002969532640762
8713167356939405705
5388582057732739521
5956738675546634187
3950663677734471596
5365638268289169868
1841793359789765732
4464003276611414918
7554872592081200674
2298766451325140761
2502984914523820632
3098701808525137639
4098816863809059799
4530569353776872609
8121109591731846458
8244570410362621886
1940244870262300452
4831678015138393146
7576952356544897975
1575922649878627795
218439326110312441
9152870631508454162
8470414088021220986
7695309016165308610
674808133561382536
8308512861026278290
4420735824457582024
4176176544820065686
5192283321199854037
7716000909572898568
6295154114660987629
7242099093672787090
3760399603435185899
5393804290490982961
1347541594162000472
2521519209181679683
7771380572315435841
2193690906676213398
195134005653709092
8477864243422787166
2842958668942817620
8948462472919437320
7724847788350422730
6013481809145927823
7477706625930494992
5648029832726158707
7627616800014318520
4235819433413395582
8046870972563064705
2012437912648695001
5488974062990924787
5269668651292656907
3600174939092616521
8413838689407531639
1175396756284860546
4874634189092844236
8169030571670422743
600724554429417101
3310049552267996885
4769198610988011318
6446371814385316912
7742472740377663188
785762917887780962
7839257555936244730
1708887976768548459
6311727402109078234
4741049858828420843
5334852665847299533
6279506891150014285
1452216534602999804
6506055403152935045
5350308961350630228
889260206386307501
3082506635464739384
5853824495526623234
6558702324946531100
8424176559288008647
8880921616634432532
4218519960706905457
1335123132692855764
7435513042679295844
1456473065042154428
12744503962772874
1011945284861177183
9223101852937034798
873987312823293655
3165544299747236359
6597873441761917838
6587741214478329310
776995005858556656
2947120697214624131
6491644287825289180
5322355377458562943
5229242606791130570
3527603559497066447
4074726607046571543
2887181252349705718
5766324672177903446
8246210480948222424
2261164563891727504
4064377689944443601
8400058818405900002
1977921699083900429
5016809957554855750
7771504728890852047
7371582458804655938
6189671531728792800
167818030291750267
2626933761747294558
5070215204553214150
3543756203143824034
5302838622727068523
8931918716502532339
8536371552321874434
7038946222638564118
3289464145360449723
4758578301635649577
8812503308245615226
6911409836826555740
9076737307492518170
70962811834653370
1168613483717376525
3976091185091674134
7297799820801524812
1164251232695088074
7536000257151242839
6079000149623997054
5824078113940253608
2864311439063868908
5459814078173790457
2799705407994725159
2201894561235379285
1505912363584681464
7244280091151808309
4147405514210142458
4161017100561814639
4809241986294200413
8542261331158157143
2387270842174715245
3795005059109007200
2826109978593604686
5760267330306365875
5062737050956399983
1600563724130176369
7090574818345371767
1278405303140793688
8091110475909695930
1683252832921361640
7360751662244543601
3234106414287725623
2595324461405848165
2139128442002449764
8914652078225278108
3945703276902790316
3894340271696926676
3498593003481886816
695009125568170565
304171336604302526
2089112545167258304
3206200322884081861
5259556294221949141
307517459751883806
1473832219771993088
3339119220225834298
8483892010273405295
246150329203116180
1483768025432426007
4882894051393178737
231591507655514628
8417958041024988725
8489892920844735983
8821831992835134860
5366497477430568046
1282818227095701804
4429342045364833966
8165676277328183509
586188602943008925
7338258895558515125
4405611996144337416
7424745417121510404
7086909715916084920
9017637124815495888
5670241367252919189
5327286687339135162
5609583962413757882
7797517636370505838
1708679967027226894
7090264283759463644
8312768019188978595
2857915203944922194
2013975445642669837
2879229329313807006
7196347976325260666
4393233445420663055
5800538067720823402
8071754018006339640
8870118446003315259
4671218907896691305
5192861936273895618
2290948921187293648
8174561112215590970
380021667877924724
1629850025529312085
4362151620575807134
8117571053796352111
8232226873445131040
7971119474122666624
1202863963904518980
2226856554894322719
3177366303434306130
2307434715880266971
9222257481421134457
8554837476521468762
7150909285299371152
3638102346353369062
8698233454927109336
6235066930220860475
5927304729918785208
1908071357198739595
8978132720070419579
5752849623727396398
2943285641693709929
8298815048835030643
6753388294789732568
1575998868022452172
3881934723985509652
2138219792354199989
3599736822451860130
5810134035124661243
1769899065414607315
3883879515891943023
7038308073064703648
2368616202303062470
2555508628167827316
6364498777643991280
6833011699639173883
4955549118097645432
8959576230564800510
8926484366153967761
4483413097782393348
2116680845357235190
1404514785354691908
558072458668164964
3457948729161630597
1080558926159752015
4679659368934884317
6961839790852080859
2802115321014058146
4749718830404370232
7811841885610765579
7479223465247565300
765209161339809639
9129074917521268635
4540363602415169341
6726803550774896962
8186947374158385719
6453461585031644121
4231235945464354730
8566740536773054946
34233026644380090
394426126999983270
3847596354635939043
8707699687777224914
2707043140043258187
6989942016013488772
3538238114640510955
6882475213941813413
1500158609664873522
2366247978200334688
4929417960253703603
1145779751413769983
5068522271180427959
4618138927267386057
5078776068666027074
3664982705966360045
8908726059392513386
3500554973976451575
7728753453329326810
2777432894777325547
6946388104835901429
3223410962810301011
2220965006510901084
7745331388950170618
5914612081523125030
69804475433328623
198735087184797765
5716387333027506746
8798891349667324130
4412539045348056737
2656096574826253786
3975969509247864692
1057958110225395095
5668699963665511891
3621343920520107949
1997506380597671490
292413116636111253
191250345280569786
3725445492335474779
6033774728422175918
3682025074230134622
926505822115440554
4371316167886986475
5201005690631900775
4457310486281460281
1861592089399901218
3361712023532211667
3677021463077284920
3810388907556488048
3367029373600965448
8333899161676905536
8352266376945058739
731254681935029217
7837224383626912878
6587035324453544787
3156692770364004984
6263071957170599127
442170971218004645
9074673667291050055
5035350267238061663
4170313698032234255
3708164127556437132
6160893799748745278
1680062078290727332
3070433750895935462
7486728066250394036
4097036162688217477
3872534449211306505
3831949604078911933
5427854116861503543
6802342695286792422
6641966341510706591
8218439012137828416
8720825393845960786
517943635715514890
5269930160202321666
5409280102389407196
5244742407088299255
7159769931542089489
7610539613466530543
1461594354113308642
1603631084472737251
2556432944024918275
1784123229074158390
143099592282388380
4727834911945677535
4112663184402818818
7988888383806945596
3574944291537510837
6750217176807612705
2463923859047496925
3142845976422220625
2470318305194630591
8795577853110143286
8174945576240072884
810386280825447250
6900343573871825609
7904420254985780662
7197440496325470997
3371877604726124638
533999649394206599
1054096744725162990
9220321187699865201
1902936534317966354
2637464285602419025
8344835674979528225
8211496438673797243
8115383043836342163
6760150049431493621
5680968432905405439
1384472912095772156
916383082168887992
8847747177798231824
104194903898755190
5681822977633493723
7907429533682990501
5101745450081828580
8665272589886956223
4395619234011903884
768839678487386208
3217781493786732073
8545752389862239502
3904252414428255711
6312749645208160395
1242567059251229395
4408026552493470992
7604858287919540939
500492984333102203
4694376648845334320
3098763817182198628
2873470921335786322
8287396603642448882
8439233056405339897
8623964223641618051
8976422801386038065
757598614572819655
5597978749993429167
2922551763142285775
5984646733704903438
4782830705722688391
7676700207255490577
2957861823842301764
159548446459536227
920042741184016862
4694042758864057309
7931286717575009590
4054619798504524564
8791997949906693501
7804761419848657422
4162855876108374337
778065330890738909
7044288259170940478
6594351822970036451
8199803144721047155
7566046480299921237
1489483163576862465
1612048386008853906
7734215117736896182
3657116441303403916
3354940010944684011
654075397240764968
8963783720084267992
7083221622671248402
6404237273208636433
3836250845038853801
8163491936705962808
3150176315677845964
8143110104179511290
5713117803215450737
8402462577829301910
598615010855293111
5578957732945806853
5298151083313442381
9216564375020285866
2895693375080761666
3364283845455453209
8097443618318126020
1824914897651090141
4752033862775791432
7271989794854906793
2553109849451564452
3479455447831767918
626165734558293082
5707253536235120868
3942759664443366342
2959438708804302319
6576483840659702820
5769781979416998314
7317294093419953109
2651808584456567300
4793401752040017186
3608989980022164116
1708279175069690454
3558988260313198300
2042452744271113369
5297986454535592022
2541261179426073255
8641277282290987035
2134598130110540408
309880579024502079
3115983189002741368
6067270318643887583
1812286947392305473
5541644608239091745
7301198522514009448
1448597983502301552
5222627069638410239
5523392757179351314
2969746192343660826
2235600729344704618
98625569984637549
1971465582795412816
5187737944930827127
6704967343332027732
2610266847391821729
7270275550411729604
3390866664716045653
227638571104166487
5708472048406315842
3997896401184957332
8328005504776529632
5999049389590264853
8830504379798613173
950337535120901424
8704824825905448117
4755753424922062312
5206483219761284242
1133390272629863147
2328616276073424478
6709967567315347443
5046131351329910616
2213032379828140973
5944117418065983961
5434659364277383590
2533307038387238742
518576822400775085
2929555839874877310
532203321627470297
9038605139587093055
3793029497290806571
1564842473887651733
3987922775021427789
3659810363848523066
4061387749452299968
6609270197879039477
2416958262031178731
6768708276552130161
8444354499616762721
8541964201863331701
7628309676052723549
3408416146269397302
1011912979291061192
1820699105154276737
5545581445246369732
205437637454176325
5784847056023809950
2410752289039734524
8066706340211218562
123467032883018480
5452242914326801936
1984447774740820277
7673910714659241419
892238290645359380
168559566383742021
2709992911552705901
7056878780994751467
8350248845792957668
386888735189892944
5680885277799640134
6853284669104634010
6536526720574497731
7735202338478503956
6384917450673030020
1054561701247583488
7246112104527013445
1775030757455067483
9187447336333489853
5051789251652983967
8115433472420716014
7411093681490821968
377736706457602987
2106806465890302202
7665427964625401055
1191977644236477436
996823281430027809
1081274983875374543
3741465649246345565
8209363182275146048
5365949923708541065
8009964393572498226
8825705583984055526
1262084899396361865
6845023667930132337
7627075625795628972
2879038293823193774
5889414780618238350
5455159777064304079
4232856520397257240
6506590965552599140
9214520945588534562
3092493986555347794
5882955909756518394
1726653683812530504
5743716869319373690
1761406346899978170
1804070244048181115
251040651612155430
6483202276479551774
7111215349995387487
7848347285570130389
867380877939584099
7121017464762095605
4580760846945094003
8452363503155649080
7667979728290721717
5968588582468970964
1703479123960365862
4631282754531855115
6119318960002880474
1010890646139193728
1972884280850090435
4327167945621514682
3528684293929487829
8837581417728555700
5194703041011557384
1527528858874705049
7326557884027932905
2877282002474929766
2898009257372522809
2875958641443395326
3335932122846066956
6330597581058930789
8121526626251588205
445962068071822332
365367856511541555
3728665651890091497
6230821140090071738
2731288250668103518
4353974947619363952
5072679043978770170
6112483167111408887
1537115778055861046
4118040631982556732
6012342584213630681
738469561590212575
3998777522369539510
5445610089734619934
3961393191548337816
6399837438792603
2095687076434000621
1838651976192632701
8126359890888524048
1785607990612965998
5751236815558894808
7043021807920369958
3281346342274756719
6184213916450150616
4083386453996577078
8483647263610759688
2186297207542582514
2332602826236218770
4760805862014834227
3995637985951484215
3755310166261758003
4479348283830251906
6985648783667843406
4561500594080901328
5338613224097967577
8315497591309245528
5986211106858236032
5487715498649550419
8716945198728434249
3301406757122910011
7614958358122234031
2237780028211423662
1386718003527386139
8303731788776309659
3408392411493079370
8191738905909413544
2258030721946398490
2656134249052994151
6859824996724356657
1074872099702563046
3252688962352090225
8042187736311275270
3035134577982473798
3151386443891251094
5873549428652716211
1223721601274751818
4243533012163529166
696576333694163685
4424756011360335419
6874192795994867150
2524205857990786637
4826337719548917852
8813966619498461708
3914084045612891480
3433217362516926330
4508438105165522620
4823481376894478594
1278870388926366860
4762453342987566653
5517880699561036701
989183294599839740
4864614923888408186
1384922458908407322
821656512620627871
7259558920253675133
3843062876961173183
8828762165651709182
7458797061508070770
6732475833866134730
3226835975110189842
1841235003467976301
4611789601083882066
4543415670434716928
7563817890316613074
2913497603968888642
1895538532390735547
269034138296758410
4429273481878467261
8460485925780006679
1433455407111712412
8234519809904003485
496947599904131176
109110079213054391
2312078665093701960
7270824665931804783
895788256924807443
3655611001089088233
2972017233659908078
3542123281146223371
1260637802190634615
7960867291985834059
5256385545736373391
3349214833235805511
7542281998770866159
6165433095819435993
8131111224736260124
3633545202356618990
7927411704100960781
1848895060671606235
4916124008554496893
8248528944333327634
572082965553109754
4745825456977934179
1878594245268926404
6388110544604583895
5417801591584663577
4719261041941010604
13114956549540792
5464547064264633182
2606316135137690221
8052349348698688534
7593732535764807595
2797950533976313362
745157985764832153
4599380341695281618
6078555202121093369
6696726368510568391
705675219035187680
6935693748782092966
6749858317206087829
5223245146989077306
838599319510895307
3240024836565613545
2044485730683732993
5045204311912172136
1849587518884493944
6124913963833354699
7043638921798440312
6779697295871928555
8082336326655103258
2522084628551503960
8514442289947844830
5936054950174868443
3625833024586042459
439029428083368559
3117143110356356540
1307523068430050634
2027060946606882233
1928852705496563830
696793798038357822
4817874374363890789
7212121427611184027
6707403863310272365
1857596822659218653
2345455290094554056
431147940832260628
1787629291846722904
3673579388188204511
5661270073573005879
7792025427828756227
7217200317695524546
1103315901726022847
309055646929189175
7110561485620807138
3684905355962537730
1954987667631586674
3312788362855549646
1990087217774426001
3101963736873517210
8837335193703802226
3795726508814038009
2546614591018324229
5308879023942963513
6382321890507384117
1981032104074269429
1498816528327152129
845925995545307641
31930105187154948
5356957949337350219
4668479111205738928
7735796926190684939
1425851321131580276
1085465152784908427
2837766536468939560
8130490981332030457
2217467443314870655
8575697936626068064
2789596777357550224
5675800682783468693
6369605303156025662
6911399066659786825
6847213888523480743
6583892609930756486
4372637109350301999
8522136723573386220
5304059108418832410
6744099770899638011
8108260135429078044
8624342519703265656
2762115772746133611
834020151038202969
4569294938632728352
1513445090789186390
6625585011795261177
1600286945114031572
5080322764022659103
6640845946809981347
1520325574311434075
8695792481240392948
826520177913146265
3561896208257035483
5933152635260606638
5475736219646602541
559869371986084250
7640241495142945493
276288672560288155
8414356320347305857
8762308970778221614
2862871467741325686
2452083079452026248
8809410964513701609
3391263038076648485
2491667508451376454
2174558700721778947
2339988629272641812
348598426326230554
7247311144804755980
7535301740979247774
129312171538038110
1301213069456208397
2890400765771974214
3944204566568803258
852634992009830439
7167463002291330600
4886539403272529434
309761255749775878
2131772416898239528
2369627711668073104
2005306260850033005
2069247811346395480
2733360811127240714
2615554167216501147
8620103398633742334
2079067848118921989
3998663295946520080
7552337579489429216
2834554133447068315
4869451410618507265
5373166817500143354
741566688159021940
7241505246338279682
7368959552850602470
1263013568616420695
3076048032596201590
4434253661729818014
3283214338677630410
9059199888654882782
4821957861310940597
1760208716557881627
8249821913223133854
218438699472478023
691568252592283099
8506802010385445717
7830048502605582951
2610365990845759704
7317756265621682099
1593454680549996434
6347898564775519988
3498892248426422661
3296172844436679087
2305225829582023527
61214420455266733
5811748496303389610
1654030814900303738
7170379781751290596
4138720993129518652
7975586108865693427
8658758741205176301
1157651524201961846
5475214152338852361
6671352001832437119
6723277398176842803
7950918223061036456
5223907359218774098
7108244908185493877
6726165007535943704
2914475411283304454
559100563327694751
1065339148666087822
2225776768145736694
2842705667020782481
7418931796787002613
8847271894392619761
1653015679950488703
1100850488871315452
7411443845489835203
6005352624448654883
2957211127038822739
4004271143455480180
2458672164161383944
8474742777357012668
4461924900906299851
3950159757463912084
1017003812665029592
5235693949549788753
8768380744998660282
1684452803864056387
3259722817511586387
1553641003250393503
1302456889613628530
8954382340618221736
6815875377608993953
2782897758171471005
2063912427065579564
1184638572281010715
3473730243882272681
5442336816339818857
5074656929539364328
3921191371866604632
479413995068920358
1623955737918589857
1525822628792338912
1978909294558350508
2407703600694613979
567131694791487327
6277311399714741476
841398016540182737
7684638812887333009
406842796342944841
6080225314616786143
4766626732162555952
3396013357517375557
3960808248826905325
8673446835538216980
3067987614837243911
7139092765922589280
6342570953383370618
2513162358805491424
3186319209510280104
4867943886500045141
2012518908296483236
6502262102740647128
7391485389935927814
7341343091456298413
752489690498937980
4067276562004234367
1367444743891235131
3863022805767234460
6397392508624434834
804830446209769734
2384840644142375018
2777600225897508961
8531266282768267834
1353372978951979033
5617044826413473465
2528335768421351299
2266382385279180568
3697572302257290768
4329208482146101058
53454854243163442
25755554256376224
4948311064060668698
7854002076293491528
677346063970258862
444826536578636789
7259932835691114170
8915281206291578271
1396384175123348669
7457935146710090040
2624243316113205638
8696131342919508750
8059797275892112836
5168020718653010470
7016472905455420173
443508892724450537
1030069694132476947
543780542790297762
5746601178889650314
839815245504477098
4063658251404645327
1933254633484583924
8381637555576826141
1307064439070325935
2733520787912349331
3195377251662542628
5122797376887679567
6455713588716029111
6562352761728089748
6673603979533665585
4015958427878158596
6675111033759438179
3305098140323097803
5751233854149830961
3007751277448405700
3470973172241400309
5314500224105199459
7409001214147566017
4070033763201907162
7498083639972678511
5117521390730689511
1939600006678130183
2011741759072792854
836434312699706075
4904638056947591393
5055766338482026314
8332620339907159672
7216818695675978440
5019646595586480628
672969288355066821
2108219336212252860
6756253606297372224
4687342188204483817
2265080827313088869
4494445964397517357
4293296777121693529
7719291711203649788
8542537078894753099
9059902660835548897
2095890749395678458
706986698182701120
7115761339924579063
2469567239226699812
984230057836443117
9051438703321711475
2229989411710685864
7979813254029684098
765511281972810037
4879159787122663919
4395623292812399405
7199442287517413682
5192870129189183312
7623921248913633383
8405887359975466015
5065827580703756092
6396995614389574603
1591485246329104225
1583999690325022147
2668552587602952541
9136160415410422104
4006676055030471553
3409697602303972831
7304734700831626280
4536360965575745341
5815566762991079737
2635089102289357843
644009283110699087
6705996985851036609
8755856261643667011
1043234097259793237
6757846835259806891
5187557273450764824
3967176192741355830
7491506695908563363
2891626184243414264
1732194274864135351
8854110104478214492
3821147472568401681
1802884548300727343
6226953896141908841
777193057325673997
431658342924592629
613678787045817646
2042426618112043420
3596054399757247630
2210097670009992997
4819387374461734938
2446968327010771528
3690811593961283960
8424803939118311692
6220092054450021718
3554973972431094109
2653743234706396432
8633651045303162527
4589445302206061095
510401127359564188
6336001032604996695
5588364352323108796
3061023598537382709
5760164142598202231
5551235469691917900
1504059407136164123
955608532910963146
4861393130047610554
5358227730849184288
8115639477600415431
6257642289402123518
2547990163350307070
4921044221296295783
8937900533327051092
244208873792298744
4559962266366075774
2276315882809801189
2948963688068765034
7540699415480557208
1477495809394224349
4474359200109352821
9046414546848826943
9128405350351429221
1046191085149968133
4701445340060882488
2869413802028427617
1746713588352544955
2662536088279044589
22165967084920131
1943621274396481242
7518160007799094632
4731244731780225662
564321843880656252
3054663155433763487
8268865495109001705
2750569516259198282
4633917469795918122
1278544527833578105
4792369892280132630
5400936567436973234
748177041187273866
2816025938743320148
294763282626135069
4732052543392220638
8413271408813434843
3311702495091476561
7980107941324530998
4467687991129376360
1611279837854032063
7796938709245958450
7533689926654359171
7800551016353470296
3531313884999392105
7860659155070638596
2156770972606285621
8086631962742807693
5991285411415864496
8337778234563009948
976575397708458845
7481912306209059029
5216857897928492464
1161254189912175402
8147654557115538323
3857726479134247236
8988353940254737639
5268301912749278875
90075593301082991
5952883497804087720
9016106527973849970
3140628899042635192
4973901096086470119
3620110926390873751
391247531590914451
2287029758315490380
1530889521606356427
8061090146407673092
2932471114530742535
5905428713569024749
5527310700484217811
275306054469352859
1672881403216008622
6392620567479871200
6342251142457765778
8325861542492111897
1964983688525474400
2056073434596215959
1700877892833931658
1591263763044228420
3316975211120838967
5147231744467398632
4352296773640869312
7862146459704344660
8530307524892603729
4993000736559363992
6900046995465538649
8435354640957978420
4432630814767939009
717086154180584476
8913156724006850041
6239836203795575331
7962858603982677886
7816758930745289209
1103255083124187740
1325160617913185969
8428245592479190829
7085523230966673649
4639078535583494724
1542131231400985116
8158764661408526079
5699522716656453805
6482888019429898877
1990461738945547359
296113537046087609
2046063600774935130
8250221586178251168
5248799272619014687
5377246803712310596
190758918336476315
2731283282889096033
8364125149418057964
611298041436697859
2147783066658904355
2249884459562395719
7790996174875977848
3667294764151796778
7565205234003995886
3597587194558164027
8601909033407218094
1430265758177834713
1013338205241581767
1944203001803622014
4545311513308282612
6866786177101743349
9004956797986218277
1828771947889324900
5975912216682697195
8929511405514811501
8733194680416963480
743038862280085698
8241903706902285303
7449444249435963683
3994343099140657543
8949640833816953871
1484438208625960897
1082727893585894528
5287068390777814421
1991516493648612457
3249113814491463012
4877363201578616088
7886960450784594847
2128022400619476884
2415497400133073867
7192099642053029042
5525054110294192829
4857586446510918314
6031549381409230854
210258135139550366
148320033674382836
6272754088433792686
8822686178157358056
2645262889703722875
3757447976494530195
3031257228097815680
8363936941686201451
5916860677395895521
8204975814565195840
6111460035644521344
2098715591280675083
207690319675744760
6794391704860695137
5684087324423645108
1289950083996478059
2499106985247600148
8898391583058349146
3030577943498496121
24544493867117737
2613593012902067356
233482806567220367
7008120233645402703
4352345007101071024
7976633116322831611
6034909073986943488
1648018673608144051
5392210560446861465
3304160588012065179
740361112412757928
4195800376621468176
402193399755345416
2245573590985118326
1224293675148177271
1473556053416128531
629881394714000870
5611579189767146680
1200247977128742194
1279206279228062355
3058618866454511028
4100260504973140869
1722581107432420073
1940234844345757238
2325286245917286262
3764931363163294500
1139008541928348340
6515970225015622472
7704155141745457435
9091819231593279517
3497027909972724393
6307807209662752030
3570869133256855370
4042730897392811532
1511570062403106573
6814631662434798688
4542880568511599323
3105071617735820190
7473020347801902899
2223508202540035242
8036125205865900478
4302936808149914353
5588927667283980670
5383752475555576759
5077090148963224396
2588673690504572078
677971950382239696
1852888839265653648
6428782861272466011
5183622677584158975
5303712468965152847
6253734884160127190
5347691259614731644
6913588699385514770
201295212406419195
7798095035682428833
3730045121430988946
9082697366546500105
1592367121265144745
5696865510500919043
3926216465560062945
1621434965202539245
7885472970700064644
5356930764378482081
914190493591770182
6169337914239589819
5728454048020796083
5574765538858738170
2068750562627794999
2474481910780438273
2486522452556085893
8250848694809746191
4065818598392970872
4952682867385074866
5078160658987890181
7422139130261885107
1645174103027994093
5632327198926292455
5447040344389409476
4230363298941077064
5117691339989990074
4952191147508293278
6101178481463245865
6686021762174995501
593314848066276244
7670024256930057839
6207974261715902527
8290707240809493486
6933508906821555739
7390899154690578222
1838022983157767665
113038893654451652
3014897341507408337
8630404053610982556
5313716618177341108
7860465221357787515
4531069516022280247
1284601819874316872
5426580244423216641
6253274108736441051
8493384700963201210
8554381990941179463
7858271265901497212
6953027925840620171
6441756737141543099
6596994098380427066
1558525498988788899
3342940827453775122
5280924593992762557
8994624589934850598
5723309253838103785
1035331660530244921
6037760241271900187
897185019756780684
346791444522946917
4799061132530811925
7969058096193243092
3723632435548469412
8632882104120105680
6423960095162224231
7806577227666439980
5416513754618736231
8123319746152689068
256351314758589375
2531219343271805021
70707821862646737
4318539379512990828
7711632161113619412
7948015102388131546
3266977146418643551
5096525127205193729
2513716653739822325
3230374070275485365
2510012962083486768
744952870076810871
5353157610126158039
6369232540087765269
3338463630035752825
1773572592883026957
5004948319805215348
6219988378129218804
199125602899392232
835302674779991385
1903479020953926570
3016347344438721335
7303904951229588992
7326209048346823252
5973497612956150048
8996066630181521190
3049406861657014747
6585196630310044506
5230742840898913764
4637819324534494794
6195712926710473560
5635293801912303684
6626029024448429326
3427450840659343585
7292496354223900930
5103874246035732136
5736570186606677609
7091940407377861270
4380175699669020850
6904906780838591458
5678687134983980818
1050113209197071560
8932611738037218267
3541021076931488059
3088676105851526752
4411129476375925937
3143283765350699152
3944249676633082243
1461767287531361866
3169058975367310721
7099294948436502555
4749359024296286266
9102473213476053316
3887703222182070951
1124704546866722991
755693562735228635
3845870134839831095
2000845178041061177
4185990005291267332
2807926508651440207
5210830881516393709
5771445017883933971
3473708458058780936
9082776715670333397
3278624351870766855
8012676205571068482
3292588780859486285
4497851077859575845
3209966584936462814
3395714624159456869
6605590035438191559
2944251232100642080
9182753082863526829
9164203149248781989
4804498627225740407
904905616189476670
7410661929022908793
8146986911197870776
5777525863987200659
1431354560109464696
1129854578341551633
4348474501829338019
1701574061517749039
7732624437083084274
2923889467402731548
6850220946444521709
3953139640266149130
8247264754694859009
1817301150322406447
1238949181553543793
9139114595683039038
740457837068200089
2364711601121910086
4921476693184227096
6722832922349437789
2484450585940328534
4294803707972731442
2092667332499623869
8107706915104197034
7813751017761085748
1696738661144619005
4276523601853074535
8509885282671482208
1087603934564118800
7660449541334634811
2194280512057203442
7218958320205588854
8778217904993560659
2159945963421210560
6473302913953373573
8070000317359780913
9000778554869256738
5390793772319934303
5636347166578826667
2569265574180965670
5273574214111282059
6813582298592845862
3492632190138569516
8171295527707599104
3560668051145612099
4833773969525708066
8298942239143296183
6649716662053962902
5852501735262373957
4440324008666315559
7007062124554816713
5761006887785382061
5682567304160672307
15979831903936532
463780323866014181
3797955663551908863
7326680594997594287
6361811370273674348
2379833272056480159
3803489067613153694
7417532348994479596
4879833378055148719
3820443216684080836
7525631358346790277
9204768542905915327
7738320006564562444
5681893984332585689
7130352195944011379
1218427565046460388
1340158458669521553
2304712703087017192
5486476132726316130
5432689531234312335
2384590085779054273
9085472865153197686
2527288341757847705
4992220147065885651
4183306423066958296
4044724083595895353
4078555178839331391
4047028858223160244
2644937304748132192
3033600956016638057
8389991077999971332
6896437646275436035
4214870347563254196
8189801906097022821
2343352893435717665
6895302978058773268
1608584741484959532
4984896059340320057
1538521098662801035
8188313355507455163
9053986604619108486
74156916499445406
4174078806181056778
3929074276935357426
6404404469075391014
5895963773109381074
8814149648721987837
479085167471057358
7937045986202515135
258133334809144952
816113543296666096
9145770390254882337
3170902148348859781
8055613581264076208
1301000206100381088
6426292439503598001
2421508723842560109
23333525616292093
2354463725038860993
894406179794373503
8133141127267094694
6890500380805020122
2333187419276835416
1955847685438843435
8821843542135655201
8066434369394744184
3210651684479404684
8057246840377157911
175413913555304983
2541345652829212483
5682732928259672539
8995313574629264779
8008817666585559334
5051893704462373441
5060064645254089391
5433896888168189826
4837783022162573210
8772470777072117707
6800980355454168658
855784060397163087
121023054582655065
6315814906390099290
2783610129449703342
727358157273707991
8781973488371495248
710230302934780712
7126277355885525720
267446721223046533
2182884742969398287
5976548220600592777
259760010211363052
1005196344750525228
5261664703391115013
6784511807473134124
9150851301490488591
2132982318744865404
1218285232838867186
2944314546654665150
9148080973769327794
938351911417764234
7966657675792888747
8845321869273417196
5288011448420209539
1323357524843735284
5077328529850288669
1113148438289820961
6594797619532506020
1740630649438832928
6931353089419399513
5185836173953223216
1179028542363875672
4612199879943472026
4741782411197673894
7686250685642912532
6890742161257066412
2153632619290204353
9040981400386252514
5194763516131391670
3750321897453911921
2619586802981270030
8530879018996609055
3612299434526609553
2100203559361455930
5671905551367580668
8507156636458207582
373471014653081726
4754649220175317
2740319887173226218
7971617863974306197
5485220036382256306
4001197463304658667
5848521682921262387
1715571609583181202
3115340595298167663
5764529791672608468
7283551118622798342
4564657448136827811
3840716551204064484
3099143824415787509
5313209967700939438
5041949028355216544
2228283936195883084
868466186147624767
1613494844495610973
2256675339825839147
8931405711858683559
8110346761276450359
1977305582460346609
8548133191852649181
6690718489355857994
6928277215913384886
7082577680777008380
8998513729975054709
7227040751609812801
3179442723492069580
6436456626711692875
4603032888781008155
7182798842306150354
659350748128052343
5578297693097972798
609059637398365940
1738310055100449696
3496185112645798524
2544150120351594285
2723077476838471662
5784873686688574128
7112780806647044734
291512144313135682
130668169558792433
3477690130789006222
2865537343383624594
1455515901819891423
3144816692309243394
6405395853076941554
3447956378477014586
8259313218093018339
7268668618341167506
1664558429428872298
2759209573437462631
2044851974205974940
1609272795210592143
2881554275383315717
6882115700696880948
9061172740825833929
7988751616203032048
4714589455538245351
1350768481502549518
6006214011768837904
5669797905184967233
7412502488559138123
3060679292552820911
4967666265372137870
8100121935269096708
8056753364079141187
4457633828005145272
6223502677244756459
7540652393376584990
7645600225394244605
3596871074002110278
8648498602944242363
2604747577968910899
5123967842428257570
7743053012145419057
492650242109269174
1876424855327707742
8033239031413546128
3589238505912972383
7118848554844691051
2008854249532176853
3527229806416873089
584017006827097226
995755403670932613
7191789279585162274
7565916591754077126
3851382820270386840
8433133476145372408
963338471358168501
2739278251410300011
1400864679421280428
3972654011093227017
6759967500908494172
2329715227977506070
438490388206051379
9013054213107732039
1193317968240982506
8588913945721430136
6579557511564028715
2302346696415752344
5782704289522364116
6842562858719804519
3389926490712901440
7430280464531826109
689268913380980084
7821859055013393830
3621244161307054935
3235032463195928496
3956003326326278942
81794517605791000
2105774310817075245
6911739922290229988
6490151438255585880
7846830854492524884
8027640786627369437
3047905336022187723
1524053255322898648
341541053506136082
3063300960628303128
1735484550345912944
2050024460760284512
8009199041317508238
2744229116543791538
5940310399080374935
6520778042012931168
7671065773154179179
8183905935212591500
7690134017869322997
8244223244679568593
8020264643826939513
5946961101477366632
2112096347043864682
6885890238875467464
3699958204885647411
7541310114725178841
2439610890239290376
2257998309130676909
5975986461524040668
839488620853159396
584476982791377131
723804447558102180
5662087209687264206
4837025104476322865
3855820340844107854
8156769565340340514
5039473676598978756
1128925186395823232
1206134695180597725
7166968264346127368
6882530823161142806
5476068115257067559
8505291608229957340
6384054148044092904
5282834507257386382
4386138696645148862
9223042672480399153
8544490328731359481
8168457394165555649
262574361092800113
6271722233396289973
5686886343023185684
5566584428687847447
6951109496601785662
4390993105499371047
4201983234817397790
8117988719128601336
7708045714748602551
4792129348358418676
2784865728683557552
4654379145488510653
5321995193916259598
2413670558396713586
3807064749328970458
3470939185166152988
7676954986827715924
4690273457109947938
8151734805251114768
5306490264535122402
5363809481295686499
4503263648496022695
6186833565419215690
4714565340163341023
2169995541189299366
4839067982137275186
4141487829782616773
5253218326657026186
9024328986505335038
988888254976246375
1128102802189484949
959869040340181412
8887573474705648820
3794010467538782155
6800976699989848882
142698629314055722
7452669159499774260
917491082995484264
2360597599827847865
641107750680928164
1287596186038333529
6461646290411168895
7797536103056529069
3338996308782935100
707916495842671603
4525857884165959731
2827618450924343698
7708711601074856641
2136700176451485071
1910959300802178823
4506519566761714778
2015544863097425460
1750764760674910557
7239626683241527137
9141768805173497374
3001653997197413138
1127003171039247532
2444553201781338669
6478230956220252900
3004575839628459850
175788368629474113
3536737212031810323
9146018570098235789
2336408057466586384
8418272177088253500
1785259407913636575
1072106762515107021
6299238371700866220
4697068060842287192
8751819277908280970
6293532931663223339
3870536842013080784
3845242454595226176
1034892932932415404
2133105257813751576
2399322791015384703
5904823522521587721
8105859644839991046
7505536364899333879
4086602468309278029
4109403105216505666
7930430741513345257
4173691471102024406
1437997461687222412
4671018218532713454
2529519970558315885
4891253239426364186
7441966876562995833
7826132458035980214
3079260066155196796
8686280245288067889
4825052725664452265
3817923857678920984
686768076885307509
4399520641613591097
5923386183788927754
4314740480018257422
7421167404171294402
2267366584564873384
1630594326423623448
6998167913752516026
1733596293075510353
293446557232302328
2633743613554890539
4417194969570900253
8785062482393908262
6036092473290681569
30915590826647188
5586647404494133017
6202943907653710894
4045596700273375382
3454028830762400955
9076355054677960393
6202666420384437570
8951650522546094099
5286992896932160232
9196001912207345028
3120389938710349527
9102187204575852394
7079127351171321679
6499170959618440391
6335095021850719137
8919977567817336902
7969103185359429374
5346066924440480941
7014924476393177954
5757630563821258935
1965726376890117901
2121714274932083683
4888323222465136366
1383087179416081894
660278943562218015
7849904028241207483
467965010441025830
5334679054240224290
7844178144181840554
1701708811768626075
2801694873312309493
7859439363659196362
5559860688845469068
2849320332012843296
978828070765903044
4387518125126326725
2248105985552576166
6649713641917979291
4424352700353082263
8633448577128563224
6991039322481093031
7757922787152594366
5451421000342488190
2705613588186081406
5937981267708836052
6398303362895823760
384987620593742582
5497713541101743215
5821546570213217091
1024687972260895579
5998512987799360930
2060741966535893005
3554433594729373774
6416746799813525179
2865250471125379157
5830346802871459170
4818221582704102143
4785233109461895875
3848987353279890675
5358040879719897372
4241545034279982868
1682970839281020285
5170203455248464691
4146381123992016622
9054974866940315324
2979689826698259274
8977219001912839770
6026427566622899429
681090495260736832
2804182986034472056
2006472326363237401
8792374364168720093
974547473280822116
891137225087542320
1991241653969425721
6736485100562633544
1798180065200854453
2049650411229460698
7376176699155948886
7105835351561507896
7932434070701323121
490099136225670578
8892707250593139392
4939289682386312177
4630241468331396190
1889328290936243398
6103396035086774009
7236003902206892049
1782042994338998104
7586396265489502077
7467445058252010733
5185272895662215649
3059897514591340986
3979427007787154359
72235540479977767
2873599357457277216
344628256039015895
8319178458986295719
5414112465656692283
6053077689866185379
1102763417310190906
148844081505216901
3096252265940164744
7583577349748884515
8791482879436116734
5737085028192192119
1221021292608777104
7455816535158314538
8179275911131872959
2053668081100629376
3599460063060447710
8214390089366182811
5761390419584001088
7798317834321958821
1164330297588186059
228753088099210616
2809041110272385477
5496585470241202330
3230472037568721742
780866919169941297
4367549085104035844
42279497510003479
9180412803020861877
1622038643699378192
2858864799948331118
7446755794646159187
4839862445502405366
2111247117279234215
8561932471841849445
6301136282382939105
2100027858748927755
4875097124921801556
8591086452926662603
7096133917803504014
3595334986653105371
2793144035214440398
1300541269840689708
2670369406215261827
4248973322695671596
1839665136631373119
8368066480362725265
9209950795888057643
6115373888900756387
2600447179668644204
2318785295503727167
3224651445797530182
6361393225035684326
9092861959372257475
8733421492043537790
1519590400482342426
1607345784750586759
4237179785710143469
2079015799263328459
8169415229984137821
7249490836593826948
2854734648249531601
5618357038067176110
3085858471149778278
2135287435519639230
3633657304500109171
1116500102272203716
4219563643312969582
3133682783894104192
1983382897507281328
6376569156910112876
6652239081042450039
4538171056387359828
7136150864737631372
6122166441596684676
3097862089281281939
7025872229870448459
1394745681398344159
2237202033075127550
4283946249891026861
1590662635147512833
1735323117838274341
9040793461223630270
1716991023170966346
7616990995741208860
3551463856532395806
8419339456528364216
7627007200697715898
7285219593098664024
8724476538508565174
6579821698963503422
4394167611972090010
5022773689686049609
5852492961662951056
6768216857003608059
6582114120120993273
1952307066916131531
1838461238496944026
2391245262452985616
4220898527268045530
622525138064078719
606074693469294102
2314010204562493920
8798034506588298870
8534192916151862871
8727892668217949828
4954817797974659520
667868118443740841
4663467631317772871
1763993532215619454
3571140952002652005
7731344311437972227
5301338293718694698
1162585878826078659
279377378966498905
6388059703120393657
4779468795769585782
5122517391866166747
4496880426180084931
6988628754894999368
1321330176045690746
6325780098618916628
7647431773796583416
3354701468504882292
4896136739629076452
851875990711769375
3594315639328350991
8714683487003548547
2789528044879538659
4018883368169018675
7011145000539473875
2102908459017876947
8562752526884972853
6529070892892074928
1058440712657872375
7477915366347004208
2300426636778847429
8143019234626052539
6781599934968561582
3695308348560332467
2617645948435114828
7971396967250548221
3910910295908710585
3042400119946451003
9156828726587386951
2111573154007291372
7676047685144076017
432632402928129532
7810240028343382349
8471782212897732709
7014328149072086656
86546267155155804
9158172223012347454
7748665854384349922
4835729270910702222
2500300149126550492
5364057576082557041
3867470023709790908
2422341245348842518
4439660402137062098
3304702327443426446
5081107338900353213
686866123450973801
3694902769782185940
2630289473930428977
6981162749303902927
4688086275184165343
2872978581853369207
8461849419783835360
6606882534713417995
6003773950873711899
7299542739331678180
8178947226139941819
4742346069847674240
8487557649814493974
6975301318208373151
2595095745203812383
1701755294932001188
5801321356953096349
592040404719518059
4096895728046266163
7617313484967513180
7771930619431526616
5236166853288236532
6862465822916171378
4847869786448394602
3960483645809705636
5602448881742711072
7753776511333339162
633464444148578431
1069642022023743079
7369887802188184601
8871752779866171378
1161154742297068649
3532285783037323667
2085827380751246181
7062090154550518478
6501829480280571480
542632806093465977
1139309458137568247
1069117174818762735
3767893063066684154
3804260126075748438
3456000762927014132
2365433938653745560
6185685197041158035
521782983938452879
5273546336346209679
3567405228216424693
158749946353019932
6068552461267120123
6991271318433620297
8248347059031936604
7597753572842600676
6311101867154415044
8289168967869887032
8305253813227467342
5027167757251496753
9193732197764449211
7610479032282275768
6076529576273225114
2375998087486958532
270058650474839034
6112928674462180025
275195950004738066
3320077173522261657
3956757513631607336
1326220954942496607
6671805727281625153
5768298134692230047
987777220912155456
8289386579647929762
279613079837403676
8068250849508763353
4155526326352725069
3651673226519208523
5711256274586107597
1782749606311822286
7397481777503879267
9027226263019935471
4358605781878928103
2709757445673747542
5237847266644378715
7918263603600780458
1022627037547050897
4509292388495788502
4124334745436026015
3188965812687544461
6882033861409694559
2945799493588976741
2472554443228884688
5401646015714070629
660397016673351899
5928624956741447639
1698503735671596721
6216493539794056383
7057644083355308654
4557764613512911578
8690026239020112571
4501340738550755468
5755992516963653970
7855804024846991127
7216593396660365670
4046874177403032657
2568141214175912425
2705045251066741671
50875733897680748
3628315040760033075
430204230203422209
786981260589719670
5642088365751243384
7898899210883617866
1895767443291627879
1560943004313958577
4594789879178738387
1826155066507230511
4809617980834943552
7025822445674192986
2341088005120803621
5538554160401395854
2573058775550235751
6380918409238550182
3196782887613576003
3933725184157442732
1565134061821965841
2507874780785520811
5439456226105866469
3108679954086952603
1278854447491041220
6577121592034558942
3109607333935168395
1119401554252841549
3095216620527707092
6981807502288431359
3646885608631537714
869650083253349553
8456751560621643527
122200053722366404
7611318070439818184
8148990258017983708
7676540378369444712
135539520403115376
8862003309869389192
5732317556797686159
987982780802713446
5996772297514509967
4874024164519328698
508344749010440073
6381813645760712614
5718443714846732474
6108083079435320691
7972925423201920208
1073555437515808122
1042850763386510782
2891114627160700794
5107250577194302240
339843004316324870
8068799864913243806
5308590121439855343
4961884442779709129
3619360753407435876
7607181239698767556
8547026026068057061
2198406273876252536
8818318878301512271
321149228303801272
6596092982303716
5127873076510361085
8216321568170817355
2257169284840333569
1053163088511078572
71115592116225353
2011589908653065039
826641358205102230
1431183394516405016
819023182898496118
1140826366448703406
6751701087688176614
236944668112633562
7732858951458349971
4487662482873709175
4046468784738004291
7900508782604650593
1650796361552807344
8247539933218566025
4555156580231528873
5920203007974795820
6069758524365991162
1159364496232749241
3510475721680695171
7473443535561055893
7395885586006786752
3500473107327251335
744154668812617386
5430068117775650919
963679478279534858
5284379010949478266
261103158956049965
2611439089418933215
2813381955860261692
6432980965365694698
3934005296937883480
2796575801290828480
5255064752094860517
3947331623369082276
572006131070165023
1209796014251684263
601289044195069968
6478864881899910455
5786913720307191375
5936968148816611800
8522168284849962380
664490243136529713
3453647542879878391
6156203586366205771
5510712907788395567
4609766497903067267
7259629600271441133
271029564265709670
3308022368265987111
6281644278133310892
9134087152494264669
5865762979114360447
1276821379137492934
6324239140930410394
7520699058549023175
2713780799600860816
6809958517896621276
5973055665920843892
6714947220467778842
6426345539721163562
5444816928628128152
6279864545367238154
5693790971648800076
2752310350605213110
7243796630406257117
8771528408039439001
6448362440838877304
168031044773800824
2632531406645060253
795138522305166492
3601927181370272275
8730335693599350578
1895863909188190502
8045807068880468679
4015080392196355475
1542506995470265152
1225393415114259053
9183415092125735148
6016498059945913041
6225332123989107447
1014284467647013549
5672340307167673724
1960211702160311088
7662260608432138001
3604497003834439265
671579136180060008
304555386121936128
7044210888835238243
6626055150238071816
6962764779791109033
7284127429720516000
8092358341310359870
558529062397698879
648355164862049221
3442587921194141128
6365214029438764291
4994037092432402103
451077668678625773
5811928532513607973
4641044720217068912
1061780182990547008
1209270291990790157
5193992347497368308
9174158158176371583
771555528878691863
1000825353127553156
1647843105829279569
9104890160772248294
6292377886859643971
2842371058526080126
143737463629935520
7029712506557750570
1782071339979693514
499308810820745927
2769926914195797419
1829042854262940936
5630023413085778226
4248006410723144584
5813092725918788913
6123771104830318598
4135344103737563576
3079648437730753208
8502247989604377171
5107979417607285205
7183256234683985781
4820681861392320374
316717299581385936
2989441147284252651
2035604234411085224
5960418780806535370
8849033236777014116
1337616770392144601
7098133622598325868
7954188118036524884
4847798139786761929
4096197209374189435
3208044518711328726
821654292469453418
8914140768560389894
4330439474311224719
5087136256423981719
6505019603477407910
1887387853345627108
6959208988955260020
124587911596428305
1192249925767833183
2300889327282499220
6758973895514214260
7905010258878765702
6011153915885038857
2771750555840138290
3056453731632848433
1908844211165283583
2033530717879875922
8445592844519663629
5128066685508058144
9177606995637382805
7246351664471717036
6558341082765505689
5416954723758772925
7061336838937387097
6134317197686575534
7718674107933580835
2684131146531891991
4597766772764763411
2423875030930225826
4542914906829335344
6067139548653684686
8583224660937949907
204623349255477919
7988934076383328489
7654137843171731386
6162394505997431301
7296163729107101166
1427762465109136206
1670134630895990047
1833171371341516218
8547866734528809901
8482558864075200343
874933290056379417
8583486345717085292
8729635544841258361
228842237396829578
299083424903363133
2434476819460623359
4300190013460579998
3080288432710394290
8898678818902860210
3980041590900111212
6834047886504561372
508790101112554521
3602815400553406997
1353719829369045573
8108408167472322872
8473600929821439906
7543151910788256177
2637562995524986164
7801343876646380852
6167499184491102487
2469849082783036838
7080579813547326134
5824260826700847961
7312829112841486841
8187048456269386739
2258355444312068259
1187945150712348340
669013963026467065
2780987317041632022
7635998990182104613
7229078633724695557
879695366807206136
6563923126833731180
8143667119633901155
1344464907968849391
8249678277893551214
5542083871763308
4442560050527123161
4381565779905393355
7009934234189981013
3041016534140329847
291172793895846516
2559962143970664035
6563933925595075448
6397306875425457189
7135655713185416601
3624716075936849645
6275773540560820521
7644499022666664761
7140712162289673522
1545596231356672530
2371319041087254918
8132040357955177705
8950809590674532873
8595177506241671968
4618422947042676793
8998372463631334866
7545747412970937172
5108846758369360612
4325335135359570523
3300506171854792687
3980635210630798024
7368989924756764626
4561654113292094026
6815010674572211306
2732017056949006395
5432600307553829075
4887766295345296491
3019691811395823254
5080695130975089213
4632543258796845689
8777727168951603693
3765626577492117615
4697557191306123111
9222352590188506445
3491174529194068635
4631309511041829958
3655412185285806192
4319136709462505889
2771143365854823796
752566709037845245
4709766929058790335
8176039847879026852
5078159317284489228
7700693174077334708
7803253462204919809
3663612723045132719
2836824116331362687
6533433008153167092
1423816500348019433
169244203518482005
4144988272841067947
4165965367066467813
4885893291448320131
6343806824109897337
3188676720606772702
2230092972500110482
3622413770014342723
8049577249502071369
6795089819178030458
5093737872780930361
1905518302848257724
3705107704220103261
7438797685018926096
4077914519656230087
4096406549161720719
1427078474079870602
5758118200952599740
338094469089123137
1394708114886699896
4170132987641294309
6512041950979766156
4970804359364692009
2407887783277283876
7624246328655605463
1909714496778274410
5742672112452468591
3744811728421521849
7965452912110363359
5658590517160841489
814173727245257993
4647816876190748834
8068521050095697098
9081408495279286678
1499405684047463657
6105499072214880006
4150820631863560455
4897228414190249802
650097975015305836
1281691796371006121
2476715497453669063
6110351238020461686
1357621616368151273
5345138308104915751
6182747001200003562
6753766230777558807
2544807581416910678
4315149365534092390
5897757106774253037
5714745241847027662
5068341027443912566
4735336973109321533
1584927632925049006
2074498996575030808
4197795251141735112
8387416578537442778
5151229390561175656
2355895624587016427
5044501045766030022
4625545542164526553
5125092089406150304
2220089330162600048
623698183120980288
5463319205005090851
3992570739695369946
3467341196147814789
4078389453864130337
9198862672315747459
6000663180400183299
6889757904141192269
6717772095031581783
3847309759575805879
3687994637161798938
7066392773594406276
2412017507308707133
7811112146215891852
1784492139010111441
6385962447091818649
8331522477537935284
7102552224906477189
8669203453051529220
4903920434637644319
2592940107384728518
4983821299133283341
5803500095176508686
7472822956713609623
6177064730891030001
1087397947296078834
6086769454262009095
3208832211747722474
5634137192662250824
6202002684366645692
8181930351349496548
1347068760780870186
4363012228355361606
241543571966673546
7456558221119172038
6680574368481498702
7795578142095729062
8421346977040031200
8594884919670770585
6688048300268876278
5415078281857289384
1132925303727694395
2985303112958206856
8204237003444672231
3122776293705941982
3660761054925552340
3831721204842139937
1714377797325638660
580646797344842098
4617143409583408705
5814754086032334838
5460976537611083853
8245822920765932296
2494316402110837766
3856686244225122357
1234146915206216295
4966716651612801362
1981928795810817600
4098537505737100426
2732031465259034329
5013624715956094861
5892621783441927776
4179658915152944203
2288870709142365506
7252140602950667432
556005910322249195
3824634357037520967
8739334103175596213
286791717919331637
6574015836044914550
2045391516432643065
6737625961667204683
5409736228215868308
8022021957467423908
5240755791566505177
1440252215863411528
8526778959149352515
5891133046953290678
44719035991355962
